['uc001inv.4', 'chr10', '-', 15077522, 15078529, 15088728, 15088776, 4, '15077522 15078690 15078922 15088716 ', '15078603 15078753 15079040 15088776 ']
['uc002jqe.5', 'chr17', '-', 75941506, 75946747, 75979073, 75979363, 14, '75941506 75948250 75949216 75949494 75949717 75950773 75951414 75953450 75955565 75955827 75957458 75960214 75978533 75978964 ', '75946795 75948457 75949360 75949600 75949897 75950964 75951577 75953620 75955681 75955947 75957566 75960375 75978693 75979363 ']
['uc001awv.3', 'chr1', '-', 15572352, 15573650, 15584967, 15585110, 7, '15572352 15574756 15577684 15578858 15580093 15583192 15584695 ', '15573724 15574841 15577864 15579054 15580142 15583395 15585110 ']
['uc002wbj.4', 'chr2', '+', 241434229, 241434229, 241442533, 241447149, 4, '241434229 241434961 241436480 241441303 ', '241434321 241435030 241436538 241447149 ']
['uc002qao.4', 'chr19', '+', 53007511, 53007511, 53007511, 53013180, 2, '53007511 53009346 ', '53007737 53013180 ']
['uc002owv.2', 'chr19', '+', 43580637, 43580637, 43580637, 43583964, 3, '43580637 43581211 43581562 ', '43580669 43581364 43583964 ']
['uc001gja.2', 'chr1', '-', 173609560, 173610144, 173659418, 173669862, 6, '173609560 173624786 173627064 173646845 173659090 173669816 ', '173610215 173624925 173627159 173647013 173659433 173669862 ']
['uc002vnn.4', 'chr2', '-', 223758481, 223758714, 223837450, 223837582, 5, '223758481 223765212 223775900 223777690 223837447 ', '223758750 223765350 223776009 223777869 223837582 ']
['uc003aww.4', 'chr22', '+', 39040603, 39040960, 39052695, 39053910, 7, '39040603 39042936 39044940 39045427 39049424 39052073 39052576 ', '39040977 39043090 39045220 39045542 39049581 39052353 39053910 ']
['uc003ape.4', 'chr22', '+', 36253077, 36253962, 36266033, 36267521, 7, '36253077 36253837 36254936 36257082 36257318 36261595 36265150 ', '36253219 36253991 36254999 36257136 36257407 36261722 36267521 ']
['uc003aoe.4', 'chr22', '+', 35648394, 35656425, 35659596, 35668409, 3, '35648394 35656378 35658614 ', '35648623 35656475 35668409 ']
['uc003lmt.4', 'chr5', '+', 142770406, 142770761, 143222446, 143229011, 23, '142770406 142873399 142875109 142879373 142885297 142894237 142901934 142903539 142907703 142913198 142932046 143014079 143037195 143041815 143054438 143056027 143057641 143120987 143133966 143147230 143207197 143213996 143222357 ', '142770915 142873495 142875171 142879445 142885399 142894348 142902039 142903669 142907804 142913293 142932125 143014116 143037261 143041890 143054526 143056086 143057747 143121147 143134105 143147381 143207308 143214088 143229011 ']
['uc004cqy.4', 'chrX', '-', 2903969, 2907270, 2929275, 2929351, 10, '2903969 2908720 2909816 2910658 2915555 2917803 2920600 2921902 2925615 2929231 ', '2907632 2908842 2909979 2910793 2915692 2918227 2920723 2922024 2925765 2929351 ']
['uc001kwk.4', 'chr10', '+', 102869515, 102869592, 102900700, 102901899, 11, '102869515 102869804 102870083 102872447 102873096 102874591 102876953 102878378 102878848 102890543 102900592 ', '102869593 102869845 102870211 102872598 102873233 102874661 102877035 102878510 102878991 102890678 102901899 ']
['uc001aft.2', 'chr1', '+', 1449688, 1450683, 1468530, 1470158, 12, '1449688 1452045 1452364 1454344 1455459 1455790 1456224 1457128 1459160 1460749 1462599 1468383 ', '1450758 1452122 1452434 1454500 1455519 1455916 1456349 1457180 1459231 1460917 1462708 1470158 ']
['uc003kri.5', 'chr5', '-', 115830672, 115832602, 115841552, 115841565, 3, '115830672 115832601 115841389 ', '115831863 115832664 115841565 ']
['uc001pkb.1', 'chr11', '+', 108222831, 108227624, 108365508, 108369099, 63, '108222831 108227594 108227775 108229177 108235669 108243952 108244787 108246963 108248932 108250700 108251836 108252816 108253813 108256214 108257480 108258985 108267170 108268409 108271063 108271250 108272531 108272721 108279490 108280994 108282709 108284226 108287599 108288976 108289601 108292618 108293312 108294926 108297286 108299713 108301647 108302852 108304674 108307896 108310159 108312410 108315822 108316010 108317372 108319953 108321300 108325309 108326057 108327644 108329020 108330213 108331443 108331878 108332761 108333885 108334968 108335844 108343221 108345742 108347278 108353765 108354810 108365081 108365324 ', '108223186 108227696 108227888 108229323 108235834 108244118 108245026 108247127 108249102 108251072 108252031 108252912 108254039 108256340 108257606 108259075 108267342 108268609 108271146 108271406 108272607 108272852 108279608 108281168 108282879 108284473 108287715 108289103 108289801 108292793 108293477 108295059 108297382 108299885 108301789 108303029 108304852 108307984 108310315 108312498 108315911 108316113 108317521 108320058 108321420 108325544 108326225 108327758 108329238 108330421 108331557 108332037 108332900 108333968 108335109 108335961 108343371 108345908 108347365 108353880 108354874 108365218 108369099 ']
['uc004esr.4', 'chrX', '+', 120362111, 120362168, 120379634, 120382371, 8, '120362111 120366524 120370714 120371105 120375371 120376379 120378677 120379472 ', '120362231 120366789 120370843 120371210 120375568 120376436 120378773 120382371 ']
['uc002imj.2', 'chr17', '-', 47879471, 47879471, 47879471, 47882398, 1, '47879471 ', '47882398 ']
['uc002fmz.1', 'chr16', '+', 89268103, 89268103, 89268103, 89273044, 2, '89268103 89269938 ', '89268657 89273044 ']
['uc004etx.4', 'chrX', '+', 123860026, 123885662, 123907181, 123913979, 7, '123860026 123885630 123888618 123891237 123892730 123900492 123906987 ', '123860293 123886539 123888718 123891316 123892773 123900693 123913979 ']
['uc001hma.4', 'chr1', '-', 220057481, 220058843, 220079846, 220089853, 9, '220057481 220059685 220062756 220067301 220069383 220072849 220073966 220079726 220089685 ', '220058992 220059791 220062954 220067393 220069432 220072957 220074071 220079854 220089853 ']
['uc003pqw.4', 'chr6', '-', 105100830, 105101088, 105133577, 105136348, 8, '105100830 105115685 105116700 105124546 105125390 105129378 105133351 105136200 ', '105101213 105115827 105116868 105124655 105125578 105129503 105133588 105136348 ']
['uc001jsv.4', 'chr10', '+', 72216047, 72223914, 72233116, 72235860, 4, '72216047 72223887 72230365 72233000 ', '72216138 72224056 72230440 72235860 ']
['uc001qmp.4', 'chr12', '+', 4321204, 4321271, 4352691, 4354593, 6, '4321204 4331279 4337038 4349818 4351266 4352259 ', '4321303 4331317 4337160 4349896 4351377 4354593 ']
['uc001vdl.3', 'chr13', '-', 49912705, 49915062, 49936235, 49936340, 5, '49912705 49921477 49927918 49931017 49936129 ', '49915160 49921580 49928085 49931134 49936340 ']
['uc001wiu.4', 'chr14', '+', 23094764, 23097658, 23098081, 23100462, 2, '23094764 23097657 ', '23095619 23100462 ']
['uc001wrj.5', 'chr14', '-', 31446035, 31448128, 31457393, 31457510, 3, '31446035 31453274 31457282 ', '31448454 31453344 31457510 ']
['uc002let.4', 'chr18', '+', 50374994, 50375830, 50392247, 50394173, 7, '50374994 50375819 50380125 50382128 50385215 50391123 50392098 ', '50375194 50375918 50380250 50382226 50385353 50391293 50394173 ']
['uc002kuf.4', 'chr18', '-', 23296016, 23298006, 23437852, 23437905, 15, '23296016 23309679 23352195 23356593 23365633 23368714 23370215 23371421 23373711 23377645 23384989 23399565 23421366 23430630 23437780 ', '23298067 23309744 23352289 23356663 23365668 23368750 23370261 23371470 23373763 23377671 23385067 23399647 23421444 23430677 23437905 ']
['uc002nsl.5', 'chr19', '-', 29701162, 29702711, 29702945, 29715221, 2, '29701162 29715124 ', '29702977 29715221 ']
['uc002mqd.3', 'chr19', '+', 10928732, 10928822, 10929702, 10930254, 2, '10928732 10929013 ', '10928916 10930254 ']
['uc001bjk.3', 'chr1', '+', 24556110, 24595430, 24605747, 24609325, 4, '24556110 24595423 24600939 24605605 ', '24556169 24595512 24601024 24609325 ']
['uc001bci.3', 'chr1', '+', 19596989, 19597045, 19626401, 19629820, 4, '19596989 19622099 19623473 19626386 ', '19597109 19622147 19623583 19629820 ']
['uc001edw.4', 'chr1', '-', 113880702, 113881122, 113887375, 113887547, 4, '113880702 113881772 113886536 113887248 ', '113881140 113881997 113886658 113887547 ']
['uc001hpu.5', 'chr1', '-', 225982701, 225985301, 225999312, 225999331, 7, '225982701 225987895 225991242 225992397 225992890 225995265 225999192 ', '225985523 225988388 225991363 225992567 225993002 225995383 225999331 ']
['uc001hsl.5', 'chr1', '+', 228165814, 228165816, 228175513, 228182257, 3, '228165814 228174691 228175121 ', '228166157 228175029 228182257 ']
['uc002vrx.2', 'chr2', '-', 231508425, 231508425, 231508425, 231514339, 3, '231508425 231513526 231514081 ', '231509343 231513632 231514339 ']
['uc003ges.2', 'chr4', '-', 2228348, 2231926, 2240946, 2242133, 5, '2228348 2236227 2238603 2240037 2242050 ', '2232160 2236456 2239043 2241093 2242133 ']
['uc003gpn.3', 'chr4', '-', 17800654, 17803490, 17804141, 17810758, 3, '17800654 17805106 17810446 ', '17804771 17805225 17810758 ']
['uc003lac.2', 'chr5', '+', 134873802, 134874427, 134899685, 134901525, 5, '134873802 134887694 134893491 134896293 134899488 ', '134874530 134888182 134893655 134896424 134901525 ']
['uc004cxe.4', 'chrX', '+', 15738269, 15750023, 15782664, 15788409, 8, '15738269 15749970 15764577 15772495 15774301 15775245 15776713 15782484 ', '15738352 15750165 15764775 15772614 15774397 15775308 15776869 15788409 ']
['uc002uxj.2', 'chr2', '+', 201182880, 201185777, 201217741, 201221665, 10, '201182880 201185770 201187705 201192983 201195841 201203729 201205881 201208074 201209069 201217587 ', '201183308 201186124 201187799 201193119 201195948 201203766 201205973 201208183 201209562 201221665 ']
['uc002uxw.2', 'chr2', '+', 201260499, 201266486, 201286594, 201287709, 8, '201260499 201266460 201271515 201272637 201274888 201276826 201284815 201286458 ', '201260613 201266791 201271621 201272776 201274953 201276968 201285317 201287709 ']
['uc002wze.2', 'chr20', '+', 33490086, 33490267, 33644646, 33645541, 11, '33490086 33606955 33611093 33619516 33623114 33624763 33628349 33629718 33636639 33640340 33644346 ', '33490301 33607099 33611335 33619606 33623296 33625017 33628435 33629914 33636708 33640531 33645541 ']
['uc001ctq.3', 'chr1', '-', 52350592, 52353518, 52364620, 52366193, 24, '52350592 52354607 52354839 52355397 52355607 52355770 52356185 52356383 52357000 52357525 52357780 52358330 52358685 52359026 52359249 52359458 52359704 52360073 52360423 52360973 52361512 52362601 52364551 52366068 ', '52353647 52354698 52354939 52355449 52355666 52355844 52356302 52356442 52357126 52357698 52357916 52358461 52358758 52359157 52359357 52359534 52359883 52360233 52360549 52361132 52361616 52362746 52364634 52366193 ']
['uc003jvv.2', 'chr5', '-', 69280174, 69282728, 69320540, 69332716, 12, '69280174 69285336 69292187 69294792 69300011 69303846 69306816 69307950 69311117 69313984 69320236 69332648 ', '69283034 69285467 69292362 69294900 69300127 69303929 69306902 69308028 69311204 69314046 69320580 69332716 ']
['uc002fef.4', 'chr16', '-', 75472051, 75478640, 75479828, 75495028, 3, '75472051 75481816 75494939 ', '75479844 75481891 75495028 ']
['uc003ero.2', 'chr3', '+', 137998734, 137998868, 138031141, 138033655, 5, '137998734 138023657 138024606 138029796 138030969 ', '137999088 138023822 138024724 138029907 138033655 ']
['uc003wpo.5', 'chr8', '+', 1763761, 1771054, 1780567, 1786572, 3, '1763761 1770931 1780249 ', '1763885 1771597 1786572 ']
['uc001sup.4', 'chr12', '-', 68851174, 68856436, 68932837, 68933199, 9, '68851174 68858922 68866895 68869324 68870214 68871783 68885791 68932677 68933141 ', '68856679 68859071 68867048 68869495 68870399 68871956 68885889 68932840 68933199 ']
['uc002phq.5', 'chr19', '+', 47821838, 47834443, 47839967, 47843330, 4, '47821838 47834408 47836242 47839319 ', '47822010 47834543 47836394 47843330 ']
['uc001evn.3', 'chr1', '-', 150730195, 150733045, 150764763, 150765957, 8, '150730195 150747776 150750005 150751780 150755000 150757857 150764637 150765697 ', '150733145 150747879 150750171 150752008 150755150 150757980 150764764 150765957 ']
['uc001kqq.1', 'chr10', '-', 100232297, 100233226, 100267593, 100267680, 14, '100232297 100235666 100236849 100238021 100243697 100245798 100246794 100250247 100253420 100256261 100260217 100260965 100261978 100267570 ', '100233371 100235764 100236969 100238231 100243777 100245913 100246935 100250332 100253539 100256476 100260319 100261044 100262063 100267680 ']
['uc004cyj.5', 'chrX', '-', 18162930, 18165008, 18220750, 18220883, 14, '18162930 18171000 18174029 18175971 18177568 18180509 18191000 18195295 18201814 18203500 18212564 18213773 18216520 18220725 ', '18165223 18171204 18174258 18176093 18177769 18180650 18191108 18195442 18201940 18203915 18212680 18213911 18216733 18220883 ']
['uc004egq.4', 'chrX', '-', 101009345, 101010580, 101042289, 101052116, 13, '101009345 101018970 101019283 101020486 101021100 101021967 101023469 101035612 101036973 101037916 101041316 101042041 101051783 ', '101010707 101019070 101019403 101020588 101021315 101022062 101023616 101035683 101037073 101038051 101041371 101042312 101052116 ']
['uc003sxl.4', 'chr7', '-', 25120090, 25123700, 25124119, 25125361, 3, '25120090 25123950 25125199 ', '25123849 25124127 25125361 ']
['uc002ayr.2', 'chr15', '+', 74748843, 74749738, 74755088, 74756202, 7, '74748843 74749729 74751188 74751764 74752123 74753183 74754790 ', '74748897 74750569 74751309 74751854 74752247 74753270 74756202 ']
['uc001dta.4', 'chr1', '-', 100186918, 100196254, 100249820, 100249834, 11, '100186918 100206229 100206444 100210693 100214816 100215982 100218625 100230732 100235435 100240760 100249769 ', '100196422 100206301 100206636 100210771 100214983 100216199 100218747 100230914 100235511 100240884 100249834 ']
['uc002hoi.3', 'chr17', '-', 37609777, 37614295, 37643420, 37643464, 15, '37609777 37618291 37619767 37620872 37621126 37621397 37624343 37625894 37626787 37628560 37630029 37632112 37633287 37642109 37643333 ', '37614353 37618384 37619839 37620948 37621277 37621520 37624434 37626098 37626860 37628672 37630173 37632298 37633418 37642308 37643464 ']
['uc001uda.4', 'chr12', '+', 122752773, 122753701, 122769078, 122771064, 8, '122752773 122753692 122762186 122762844 122765303 122767487 122768781 122769033 ', '122752950 122753807 122762206 122762929 122765387 122767604 122768921 122771064 ']
['uc003dri.3', 'chr3', '-', 94057921, 94060947, 94061511, 94062987, 2, '94057921 94062745 ', '94061606 94062987 ']
['uc001msx.4', 'chr11', '+', 31369839, 31370748, 31430401, 31431849, 5, '31369839 31370715 31414810 31426286 31430270 ', '31369912 31370859 31414949 31426355 31431849 ']
['uc002lke.2', 'chr18', '-', 67506581, 67510969, 67514638, 67516980, 2, '67506581 67516360 ', '67515492 67516980 ']
['uc003efk.4', 'chr3', '+', 122564237, 122564426, 122571747, 122575203, 5, '122564237 122565858 122568488 122570454 122571677 ', '122564613 122566070 122570024 122570672 122575203 ']
['uc002dki.4', 'chr16', '+', 22206281, 22225729, 22283996, 22288732, 18, '22206281 22225653 22244629 22248754 22250653 22251150 22256747 22257252 22257642 22258493 22260461 22263109 22264817 22266389 22266687 22273625 22280197 22283886 ', '22206679 22225975 22244730 22248815 22250691 22251322 22256897 22257385 22257770 22258695 22260529 22263187 22264880 22266524 22266876 22273750 22280376 22288732 ']
['uc002olz.1', 'chr19', '-', 39530989, 39532316, 39532802, 39532854, 1, '39530989 ', '39532854 ']
['uc001xjg.4', 'chr14', '+', 67359996, 67364767, 67383440, 67386516, 8, '67359996 67364766 67374467 67376438 67380658 67381592 67382446 67383314 ', '67360456 67365008 67374547 67376590 67380765 67381690 67382590 67386516 ']
['uc001dox.3', 'chr1', '-', 92508695, 92513655, 92792394, 92792404, 18, '92508695 92563641 92605306 92607580 92624175 92625793 92636201 92665938 92677157 92693801 92694298 92695309 92697859 92702140 92703394 92704554 92736397 92792343 ', '92513970 92563737 92605402 92607727 92624334 92625934 92636336 92665992 92677218 92693899 92694388 92695453 92697985 92702215 92703619 92704744 92736627 92792404 ']
['uc002frj.4', 'chr17', '-', 439977, 443163, 445939, 445939, 2, '439977 445835 ', '443494 445939 ']
['uc003dja.4', 'chr3', '-', 57625456, 57628213, 57693018, 57693089, 20, '57625456 57628810 57630420 57630714 57630924 57633264 57634557 57634703 57641652 57645660 57646315 57657679 57659117 57660759 57661445 57663635 57666122 57672255 57672399 57692781 ', '57628345 57628885 57630523 57630824 57630978 57633354 57634622 57634769 57641747 57645756 57646438 57657735 57659180 57660839 57661551 57663716 57666235 57672298 57672438 57693089 ']
['uc001gra.5', 'chr1', '-', 184791029, 184794976, 184974356, 184974550, 14, '184791029 184798078 184803584 184805945 184808073 184818637 184823166 184823637 184831846 184884632 184890107 184894074 184899178 184974301 ', '184796097 184798190 184803692 184806056 184808235 184818825 184823329 184823742 184831962 184884800 184890222 184894206 184899309 184974550 ']
['uc001gmc.4', 'chr1', '+', 179025895, 179043847, 179072144, 179076562, 8, '179025895 179043714 179050278 179054528 179063926 179064304 179066799 179071912 ', '179026098 179044224 179050365 179054638 179064098 179064496 179066859 179076562 ']
['uc001dhx.5', 'chr1', '+', 77779623, 77779655, 77875064, 77878421, 16, '77779623 77783237 77801330 77803269 77806974 77813733 77815107 77843306 77858937 77859313 77860039 77861223 77863893 77866337 77873003 77874845 ', '77779736 77783351 77801508 77803406 77807101 77813867 77815231 77843407 77859056 77859386 77860126 77861322 77864028 77866391 77873120 77878421 ']
['uc001xqh.4', 'chr14', '+', 74713143, 74713197, 74734930, 74738620, 8, '74713143 74713484 74714871 74715950 74723271 74732730 74734075 74734881 ', '74713200 74713552 74714943 74716099 74723344 74732818 74734170 74738620 ']
['uc002dml.2', 'chr16', '-', 24661421, 24661421, 24661421, 24671062, 3, '24661421 24664837 24670926 ', '24664004 24665025 24671062 ']
['uc001icg.2', 'chr1', '-', 247110159, 247110159, 247110159, 247112417, 1, '247110159 ', '247112417 ']
['uc001dnb.4', 'chr1', '-', 89181147, 89185253, 89198834, 89198932, 11, '89181147 89186332 89186999 89188581 89190037 89191260 89192903 89193302 89195296 89197109 89198794 ', '89185469 89186526 89187102 89188794 89190318 89191506 89193100 89193412 89195424 89197304 89198932 ']
['uc002dlq.3', 'chr16', '-', 23463541, 23467589, 23510411, 23510494, 17, '23463541 23468885 23469995 23474903 23478367 23478882 23479764 23480644 23482922 23486014 23486709 23488605 23491676 23493359 23494302 23495693 23510320 ', '23467700 23468996 23470165 23475061 23478501 23478911 23479887 23480770 23483004 23486152 23486790 23488709 23491800 23493458 23494378 23495778 23510494 ']
['uc002wuv.2', 'chr20', '+', 25407726, 25407820, 25445991, 25448555, 7, '25407726 25413789 25417103 25418104 25425210 25441701 25445922 ', '25407895 25413854 25417202 25418195 25425327 25441776 25448555 ']
['uc002oem.4', 'chr19', '-', 36637988, 36638652, 36664706, 36666837, 6, '36637988 36643793 36656447 36658298 36664697 36666689 ', '36640043 36643862 36656543 36658425 36664786 36666837 ']
['uc002ihj.4', 'chr17', '-', 44803033, 44804626, 44805817, 44807884, 2, '44803033 44807393 ', '44805837 44807884 ']
['uc003euq.2', 'chr3', '-', 142157526, 142165621, 142225455, 142225607, 16, '142157526 142170324 142171418 142172352 142177481 142181460 142182922 142185928 142186193 142186451 142187703 142198801 142204694 142213525 142215598 142225308 ', '142165770 142170458 142171478 142172456 142177576 142181565 142183049 142185989 142186267 142186513 142187779 142198933 142204788 142213601 142215692 142225607 ']
['uc002aba.4', 'chr15', '+', 51341628, 51341684, 51404754, 51408013, 10, '51341628 51377448 51383435 51383784 51394834 51397469 51400191 51400372 51401592 51404276 ', '51342047 51377500 51383453 51383892 51394981 51397598 51400275 51400498 51401743 51408013 ']
['uc003ltr.5', 'chr5', '+', 151252891, 151253216, 151267451, 151270440, 4, '151252891 151259754 151266730 151267295 ', '151253297 151259916 151266913 151270440 ']
['uc004dth.3', 'chrX', '+', 54530210, 54532566, 54560602, 54561071, 16, '54530210 54532519 54539039 54540134 54541272 54542954 54543206 54544222 54548228 54550962 54551567 54551831 54552291 54554564 54558435 54560519 ', '54530302 54532585 54539101 54540242 54541389 54543038 54543342 54544326 54548373 54551050 54551742 54551974 54552428 54554692 54558655 54561071 ']
['uc001xab.4', 'chr14', '-', 52775193, 52778310, 52784650, 52791601, 6, '52775193 52780678 52781783 52783422 52784496 52791427 ', '52778458 52780740 52781911 52783485 52784664 52791601 ']
['uc001ukz.1', 'chr12', '-', 132768908, 132773104, 132822128, 132828702, 24, '132768908 132774156 132775140 132776633 132776957 132777665 132780797 132782295 132784163 132786338 132786692 132789026 132791215 132795851 132796538 132798339 132801766 132804715 132807176 132807890 132813306 132816539 132821995 132828326 ', '132773294 132774320 132775305 132776756 132777090 132777805 132780914 132782493 132784307 132786555 132786787 132789290 132791293 132796220 132796700 132798477 132801969 132805022 132807288 132808549 132813419 132816812 132822311 132828702 ']
['uc001ucz.4', 'chr12', '-', 122726075, 122729298, 122730339, 122730843, 1, '122726075 ', '122730843 ']
['uc001apt.4', 'chr1', '+', 9234774, 9244934, 9264869, 9271337, 5, '9234774 9244924 9246965 9262058 9263508 ', '9235066 9245561 9247083 9262328 9271337 ']
['uc003ocr.4', 'chr6', '-', 33004177, 33006837, 33009536, 33009612, 5, '33004177 33007079 33007310 33008012 33009454 ', '33006841 33007215 33007592 33008261 33009612 ']
['uc003xgm.4', 'chr8', '-', 28021963, 28023316, 28074410, 28083871, 19, '28021963 28026961 28029265 28030309 28031242 28033539 28041050 28045526 28047506 28055964 28058257 28060425 28064521 28067513 28068215 28069543 28070251 28074367 28083774 ', '28023462 28027052 28029402 28030418 28031381 28033697 28041215 28045660 28047612 28056054 28058276 28060601 28064731 28067744 28068438 28069652 28070356 28074456 28083871 ']
['uc004eao.2', 'chrX', '+', 72181675, 72181710, 72262796, 72263964, 4, '72181675 72186460 72196784 72262706 ', '72181828 72186534 72196904 72263964 ']
['uc002kvi.3', 'chr18', '+', 24460628, 24460728, 24477562, 24479957, 3, '24460628 24468787 24476746 ', '24460921 24468951 24479957 ']
['uc004bpn.4', 'chr9', '-', 125234852, 125236591, 125241126, 125241330, 8, '125234852 125238140 125238589 125238940 125239420 125240171 125240675 125241004 ', '125237154 125238308 125238827 125239331 125239533 125240309 125240907 125241330 ']
['uc002yph.3', 'chr21', '+', 31873314, 31873674, 31999184, 32004064, 11, '31873314 31924467 31940164 31946035 31958842 31968249 31974554 31983525 31990128 31995767 31998525 ', '31873935 31924760 31940220 31946171 31958970 31968385 31974717 31983609 31990176 31995948 32004064 ']
['uc001amk.4', 'chr1', '-', 6221192, 6225079, 6235911, 6235940, 5, '6221192 6231901 6233473 6234885 6235716 ', '6225262 6232119 6233643 6234974 6235940 ']
['uc002yrn.4', 'chr21', '+', 33324903, 33325055, 33355549, 33359862, 11, '33324903 33335523 33340998 33343267 33343534 33345245 33349090 33349388 33352757 33353637 33355315 ', '33325131 33335647 33341174 33343422 33343676 33345360 33349290 33349543 33352908 33353783 33359862 ']
['uc002qks.3', 'chr19', '-', 55364388, 55366006, 55370310, 55370373, 5, '55364388 55368209 55368482 55368768 55370303 ', '55366177 55368371 55368569 55368941 55370373 ']
['uc001dab.4', 'chr1', '+', 61742476, 61762892, 62160935, 62163920, 43, '61742476 61762857 61763012 61766278 61769282 61771430 61775205 61787753 61791347 61795466 61797286 61801622 61805447 61808473 61822944 61827421 61833653 61856029 61861550 61864237 61875242 61884236 61899582 61901281 61908371 61914586 61927729 61990167 62017855 62037976 62050965 62079449 62084514 62108436 62114052 62116531 62117131 62121180 62123020 62127971 62128840 62148283 62160907 ', '61742555 61762914 61763179 61766473 61769422 61771626 61775334 61787972 61791447 61795558 61797428 61801769 61805524 61808530 61823079 61827583 61833785 61856239 61861667 61864633 61875366 61884408 61899654 61901459 61908482 61914664 61927829 61990364 62017947 62038049 62051058 62079567 62084648 62108520 62114246 62116679 62117218 62121295 62123058 62128094 62128945 62148390 62163920 ']
['uc001ccf.1', 'chr1', '-', 37860696, 37862314, 37931712, 37931749, 18, '37860696 37864311 37865760 37866458 37868500 37872929 37873992 37875605 37878187 37880084 37882806 37885637 37886887 37887350 37888242 37889556 37891357 37931672 ', '37862430 37864423 37865888 37866543 37868614 37873165 37874155 37875716 37878323 37880194 37882918 37885825 37887004 37887465 37888344 37889724 37891454 37931749 ']
['uc003qnu.3', 'chr6', '+', 150368891, 150369031, 150398237, 150405969, 5, '150368891 150389351 150392344 150394098 150398054 ', '150369209 150389543 150392504 150394255 150405969 ']
['uc001ovc.4', 'chr11', '-', 74454840, 74457251, 74457563, 74467628, 3, '74454840 74461954 74467397 ', '74457603 74462103 74467628 ']
['uc002jyf.5', 'chr17', '+', 80260869, 80263681, 80319480, 80321463, 17, '80260869 80263573 80273240 80287814 80288632 80289658 80290569 80291627 80294719 80295556 80298320 80306251 80307127 80309017 80313011 80317187 80319189 ', '80260902 80263778 80273404 80288363 80288755 80289837 80290728 80291827 80295003 80295813 80298518 80306468 80307201 80309171 80313167 80317277 80321463 ']
['uc003inf.2', 'chr4', '+', 152942982, 152943057, 152976723, 152979696, 11, '152942982 152953498 152954216 152960564 152960743 152962813 152963022 152964904 152967979 152972376 152974674 ', '152943555 152953560 152954319 152960650 152960844 152962884 152963130 152964975 152968097 152972541 152979696 ']
['uc001aim.2', 'chr1', '-', 1953312, 1953312, 1953312, 2003837, 18, '1953312 1956619 1959119 1959963 1963748 1964887 1966370 1968634 1970658 1971979 1972936 1974024 1985385 1986936 1988511 1988888 1990889 2003700 ', '1955850 1956784 1959209 1960030 1963867 1965061 1966526 1968833 1970816 1972082 1973047 1974198 1985490 1987035 1988655 1988973 1990975 2003837 ']
['uc003flv.4', 'chr3', '+', 183635567, 183650356, 183679286, 183679478, 8, '183635567 183643479 183650295 183663457 183664920 183671033 183672295 183679085 ', '183635793 183643542 183651276 183663642 183665039 183671222 183672484 183679478 ']
['uc003flr.4', 'chr3', '-', 183487530, 183491926, 183555653, 183555689, 7, '183487530 183492493 183494078 183499589 183508058 183527844 183555360 ', '183492228 183492707 183494281 183499827 183508508 183528010 183555689 ']
['uc001wxu.4', 'chr14', '-', 50242433, 50247057, 50312150, 50312548, 10, '50242433 50265357 50267752 50269162 50278519 50283870 50294114 50302016 50302901 50312010 ', '50247253 50265489 50267910 50269330 50278554 50284033 50294246 50302168 50303017 50312548 ']
['uc003coq.4', 'chr3', '+', 45594858, 45594879, 45677059, 45686338, 8, '45594858 45636149 45665649 45668293 45672689 45673453 45674342 45676921 ', '45596287 45636251 45665717 45668356 45672820 45673505 45674411 45686338 ']
['uc001bmj.4', 'chr1', '+', 26410777, 26410891, 26426458, 26429722, 4, '26410777 26411385 26425302 26426241 ', '26410922 26411582 26425487 26429722 ']
['uc001nun.3', 'chr11', '-', 62686401, 62687791, 62688508, 62689899, 2, '62686401 62689426 ', '62688513 62689899 ']
['uc002dzy.4', 'chr16', '-', 30919318, 30919318, 30919318, 30923269, 1, '30919318 ', '30923269 ']
['uc002sqd.3', 'chr2', '-', 85610219, 85611509, 85611984, 85612032, 2, '85610219 85611877 ', '85611786 85612032 ']
['uc003qmc.3', 'chr6', '+', 147508926, 147508928, 147564456, 147570021, 2, '147508926 147564393 ', '147509387 147570021 ']
['uc003kvg.2', 'chr5', '+', 131170809, 131171020, 131199601, 131205426, 5, '131170809 131180094 131182228 131187027 131199530 ', '131171038 131180167 131182299 131187109 131205426 ']
['uc003xql.3', 'chr8', '+', 47960935, 47961144, 47976778, 47978160, 16, '47960935 47961515 47962052 47962304 47962763 47962944 47964573 47966186 47967364 47969797 47970510 47971340 47972856 47974733 47975714 47976685 ', '47961214 47961680 47962216 47962406 47962859 47963040 47964712 47966407 47967485 47970057 47970876 47971468 47973064 47974962 47975848 47978160 ']
['uc003wqi.4', 'chr8', '+', 6406591, 6406667, 6643049, 6648504, 14, '6406591 6409278 6414764 6431498 6436047 6438952 6442066 6444392 6455142 6477593 6480713 6499851 6621453 6642993 ', '6406689 6409370 6414883 6431586 6436162 6439096 6442156 6445547 6455252 6477631 6480876 6499929 6621691 6648504 ']
['uc001bpt.5', 'chr1', '+', 28329037, 28330662, 28334970, 28335967, 3, '28329037 28330596 28334416 ', '28329180 28330735 28335967 ']
['uc002bfy.2', 'chr15', '-', 80975746, 80979218, 80989791, 80989878, 3, '80975746 80981949 80989578 ', '80979477 80982182 80989878 ']
['uc002fut.4', 'chr17', '-', 2416075, 2419969, 2502331, 2511886, 10, '2416075 2420730 2438108 2441489 2464207 2467760 2473523 2477685 2502203 2511758 ', '2420596 2420904 2438198 2441559 2464350 2467876 2473664 2477885 2502331 2511886 ']
['uc003bzs.2', 'chr3', '-', 15411016, 15411255, 15426511, 15427518, 6, '15411016 15414020 15415771 15424954 15426286 15427401 ', '15411437 15414162 15415942 15425089 15426635 15427518 ']
['uc002sze.3', 'chr2', '-', 98619105, 98625565, 98726332, 98731126, 16, '98619105 98625722 98635221 98636516 98639807 98640120 98643922 98645427 98655444 98656351 98658217 98663045 98675034 98678303 98726238 98731047 ', '98625592 98625835 98635288 98636595 98640001 98640228 98644053 98645542 98655520 98656465 98658264 98663179 98675175 98678471 98726567 98731126 ']
['uc001ewr.3', 'chr1', '+', 151070603, 151088189, 151118256, 151125542, 9, '151070603 151088189 151090405 151093191 151097851 151103561 151107036 151117391 151117956 ', '151070934 151088297 151090573 151093386 151098002 151103675 151107222 151117516 151125542 ']
['uc002mxf.4', 'chr19', '+', 13764531, 13764588, 13772281, 13774282, 6, '13764531 13764870 13768358 13768614 13768823 13772120 ', '13764720 13765109 13768447 13768737 13769048 13774282 ']
['uc002vfo.4', 'chr2', '-', 215944489, 215944862, 216013327, 216013623, 5, '215944489 215945570 215947022 215996305 216013232 ', '215944997 215945734 215947113 215996465 216013623 ']
['uc002szv.4', 'chr2', '+', 99181078, 99186203, 99195705, 99197626, 6, '99181078 99186176 99188176 99194750 99195115 99195572 ', '99181249 99186254 99188257 99194897 99195189 99197626 ']
['uc001jts.1', 'chr10', '-', 73248842, 73250851, 73252482, 73252693, 3, '73248842 73251762 73252469 ', '73250991 73252023 73252693 ']
['uc001bbs.4', 'chr1', '+', 19251538, 19251835, 19258830, 19260128, 8, '19251538 19254781 19255947 19257063 19257453 19257832 19258476 19258680 ', '19251863 19254840 19256051 19257145 19257521 19257984 19258553 19260128 ']
['uc002qcp.4', 'chr19', '+', 53869438, 53873529, 53874498, 53874619, 2, '53869438 53873527 ', '53869838 53874619 ']
['uc003cwz.2', 'chr3', '-', 49422945, 49424832, 49429239, 49429326, 6, '49422945 49424948 49425366 49425882 49426251 49429107 ', '49424874 49425053 49425438 49425996 49426428 49429326 ']
['uc002iot.3', 'chr17', '+', 49248238, 49248238, 49248238, 49256449, 4, '49248238 49252245 49252853 49254690 ', '49248302 49252674 49252918 49256449 ']
['uc001yee.2', 'chr14', '+', 95177482, 95177482, 95177482, 95179925, 2, '95177482 95179498 ', '95179378 95179925 ']
['uc001aqp.3', 'chr1', '+', 9943427, 9972073, 9982701, 9985498, 5, '9943427 9972017 9975591 9981030 9982300 ', '9943515 9972188 9975775 9981170 9985498 ']
['uc001inz.2', 'chr10', '-', 15107865, 15109194, 15168612, 15168693, 12, '15107865 15109701 15112795 15119342 15128349 15130141 15132816 15133052 15133244 15135273 15141421 15168502 ', '15109215 15109839 15112963 15119513 15128458 15130312 15132933 15133144 15133363 15135418 15141557 15168693 ']
['uc003ggl.4', 'chr4', '-', 2937932, 2938830, 2963319, 2963385, 18, '2937932 2939187 2939526 2941581 2942191 2944072 2945127 2946411 2947525 2948277 2949933 2951113 2952274 2953510 2954423 2956669 2957605 2963124 ', '2938930 2939343 2939645 2941729 2942351 2944226 2945229 2946547 2947611 2948408 2950213 2951245 2952397 2953645 2954563 2956811 2957740 2963385 ']
['uc003wmy.3', 'chr7', '+', 156949722, 156949737, 156969703, 156973182, 11, '156949722 156952473 156954102 156959850 156962150 156963007 156963904 156966269 156966960 156969086 156969528 ', '156950724 156952598 156954298 156960174 156962261 156963175 156964026 156966402 156967092 156969196 156973182 ']
['uc003qmz.5', 'chr6', '-', 149724314, 149726968, 149746495, 149746572, 8, '149724314 149731612 149736470 149738642 149742389 149743637 149745939 149746375 ', '149727198 149731735 149736622 149738778 149742570 149743715 149746062 149746572 ']
['uc001lzk.3', 'chr11', '-', 4680170, 4681748, 4682711, 4697842, 2, '4680170 4697652 ', '4682761 4697842 ']
['uc003psd.3', 'chr6', '-', 108041408, 108044784, 108074651, 108074737, 6, '108041408 108049252 108051030 108054489 108064184 108074249 ', '108044840 108049418 108051198 108054587 108064299 108074737 ']
['uc004cpz.3', 'chrX', '-', 1462571, 1465478, 1466558, 1537107, 2, '1462571 1536920 ', '1466582 1537107 ']
['uc004fpm.3', 'chrY', '-', 1462571, 1465478, 1466558, 1537107, 2, '1462571 1536920 ', '1466582 1537107 ']
['uc003hbs.1', 'chr4', '+', 56435748, 56436312, 56459538, 56461368, 10, '56435748 56436261 56441662 56446694 56448417 56448709 56450618 56451871 56453602 56459371 ', '56435928 56436328 56441860 56446873 56448597 56448823 56450702 56452052 56453761 56461368 ']
['uc002lny.4', 'chr18', '-', 80157231, 80159770, 80247348, 80247546, 3, '80157231 80202709 80247276 ', '80160606 80202932 80247546 ']
['uc003eqz.2', 'chr3', '+', 136250357, 136250375, 136333476, 136337895, 16, '136250357 136255855 136256554 136260478 136261951 136283836 136293755 136297951 136301029 136316940 136326802 136327154 136327633 136328757 136329904 136333401 ', '136250558 136255975 136256623 136260535 136262065 136283947 136293864 136298072 136301111 136317064 136326910 136327255 136327732 136328857 136329984 136337895 ']
['uc001lrc.4', 'chr11', '-', 767224, 770896, 777462, 777484, 8, '767224 770992 771332 772426 773521 774007 775065 777398 ', '770903 771104 771426 772521 773629 774113 775142 777484 ']
['uc002ulp.4', 'chr2', '-', 177629245, 177629406, 177875893, 177888738, 17, '177629245 177663865 177669492 177675454 177680825 177697331 177701120 177711768 177727657 177728025 177769322 177816828 177817857 177820219 177840250 177875858 177888618 ', '177629562 177663949 177669567 177675518 177680903 177697432 177701211 177711878 177727765 177728172 177769373 177816921 177817925 177820295 177840383 177875923 177888738 ']
['uc003xcc.3', 'chr8', '+', 22580489, 22580604, 22594649, 22598025, 10, '22580489 22581378 22584820 22585016 22585320 22589297 22589595 22591550 22593732 22594529 ', '22580697 22581530 22584890 22585162 22585399 22589374 22589741 22591668 22593832 22598025 ']
['uc001kso.3', 'chr10', '-', 101017331, 101017583, 101030219, 101031133, 10, '101017331 101018098 101018821 101020617 101021797 101022208 101023435 101023927 101029993 101031072 ', '101017615 101018296 101019217 101020678 101021945 101022385 101023610 101024068 101030384 101031133 ']
['uc002nis.2', 'chr19', '+', 18340586, 18340681, 18363583, 18369950, 5, '18340586 18342858 18355894 18357382 18363390 ', '18340715 18342911 18356011 18357615 18369950 ']
['uc001bpw.4', 'chr1', '+', 28369602, 28407447, 28496549, 28500369, 14, '28369602 28407409 28459084 28460211 28465684 28466381 28473553 28476106 28480450 28489169 28490950 28491649 28493014 28496533 ', '28369825 28407463 28459258 28460292 28465849 28466768 28474151 28476291 28480604 28489225 28491012 28491787 28493091 28500369 ']
['uc002owo.4', 'chr19', '-', 43496017, 43497102, 43504118, 43504935, 6, '43496017 43497747 43501733 43502100 43503905 43504588 ', '43497279 43497876 43501871 43502283 43504132 43504935 ']
['uc002zcq.3', 'chr21', '+', 42974509, 43004381, 43030101, 43033582, 11, '42974509 43004325 43007490 43010052 43013067 43016907 43018132 43021302 43024870 43028701 43029889 ', '42974664 43004432 43007618 43010224 43013238 43017007 43018230 43021431 43024947 43028874 43033582 ']
['uc002hrg.2', 'chr17', '-', 39063302, 39067839, 39151437, 39151649, 14, '39063302 39069855 39072449 39077912 39079103 39083458 39087606 39105853 39107406 39108122 39108903 39109247 39139653 39151361 ', '39067959 39070016 39072485 39078048 39079164 39083540 39087702 39105953 39107525 39108245 39108973 39109391 39139832 39151649 ']
['uc002wxp.4', 'chr20', '+', 32207879, 32207941, 32234661, 32238667, 7, '32207879 32210070 32215268 32216608 32228262 32230818 32234472 ', '32208065 32210192 32215451 32216721 32228455 32231061 32238667 ']
['uc002thw.4', 'chr2', '+', 112541914, 112542494, 112575729, 112576299, 15, '112541914 112547011 112547420 112549266 112550865 112551774 112552644 112557909 112559292 112564365 112567966 112568745 112572561 112573561 112574846 ', '112542671 112547179 112547567 112549399 112551002 112551998 112552816 112558081 112559574 112564499 112568137 112568902 112572758 112573815 112576299 ']
['uc003tlw.4', 'chr7', '+', 44796679, 44796724, 44801422, 44803117, 5, '44796679 44799246 44799391 44799701 44801286 ', '44796793 44799277 44799480 44799874 44803117 ']
['uc001gzs.4', 'chr1', '+', 203475827, 203483184, 203486881, 203491352, 3, '203475827 203483168 203486705 ', '203475938 203484157 203491352 ']
['uc001bzf.4', 'chr1', '-', 35601583, 35603266, 35641432, 35641844, 6, '35601583 35605232 35609245 35631273 35636309 35641341 ', '35603374 35605282 35609408 35631344 35636432 35641844 ']
['uc002xut.4', 'chr20', '-', 49503873, 49507919, 49568116, 49568146, 10, '49503873 49511027 49513079 49514226 49524057 49539569 49544304 49547840 49550065 49568042 ', '49508064 49511179 49513261 49514395 49524239 49539721 49544448 49548019 49550189 49568146 ']
['uc003tme.5', 'chr7', '-', 44876292, 44884409, 44885348, 44885361, 1, '44876292 ', '44885361 ']
['uc003yax.4', 'chr8', '-', 76980257, 76983260, 76984178, 77000226, 4, '76980257 76986186 76988306 76999989 ', '76984195 76986296 76988338 77000226 ']
['uc002wzw.4', 'chr20', '-', 33707268, 33707929, 33720207, 33720319, 3, '33707268 33714673 33720094 ', '33707969 33714736 33720319 ']
['uc003qnj.3', 'chr6', '-', 149883374, 149884487, 149890901, 149896059, 5, '149883374 149889347 149889884 149890816 149895845 ', '149884504 149889623 149890145 149891034 149896059 ']
['uc002wqy.5', 'chr20', '-', 18486539, 18489763, 18497167, 18497243, 5, '18486539 18490394 18493957 18495837 18497068 ', '18489990 18490480 18494063 18495880 18497243 ']
['uc002txh.4', 'chr2', '-', 151247939, 151250905, 151261727, 151261879, 4, '151247939 151252754 151255532 151261724 ', '151251664 151252855 151255743 151261879 ']
['uc002fda.4', 'chr16', '-', 74621393, 74623927, 74661449, 74666881, 13, '74621393 74626342 74628451 74630780 74632522 74636345 74637855 74644361 74644540 74649131 74651919 74660931 74666785 ', '74624071 74626554 74628666 74630957 74632673 74636577 74637970 74644453 74644735 74649202 74652122 74661451 74666881 ']
['uc002kxf.2', 'chr18', '+', 32018371, 32018863, 32068384, 32073213, 6, '32018371 32037115 32042178 32045641 32065901 32068297 ', '32019027 32037269 32042273 32045732 32066009 32073213 ']
['uc004bfv.4', 'chr9', '-', 112217715, 112223850, 112332843, 112333026, 14, '112217715 112224132 112227410 112228379 112231379 112232098 112234819 112250928 112252677 112262434 112268048 112275843 112297840 112332783 ', '112223983 112224210 112227627 112228472 112231413 112232238 112234897 112251103 112252788 112262599 112268195 112276013 112297916 112333026 ']
['uc002fnm.3', 'chr16', '+', 89560656, 89560959, 89563042, 89566828, 6, '89560656 89560939 89561226 89561577 89562334 89562883 ', '89560712 89561063 89561368 89561751 89562391 89566828 ']
['uc003cco.4', 'chr3', '+', 23916803, 23917859, 23921675, 23923692, 5, '23916803 23917849 23918439 23919195 23921597 ', '23917173 23918031 23918576 23919246 23923692 ']
['uc002qkv.4', 'chr19', '+', 55385344, 55386357, 55388332, 55392085, 5, '55385344 55386349 55386569 55387929 55388242 ', '55385965 55386438 55386693 55388048 55392085 ']
['uc002dbp.3', 'chr16', '-', 11833849, 11837786, 11851512, 11851585, 9, '11833849 11839694 11841694 11841906 11846500 11846694 11847667 11850278 11851407 ', '11838113 11839985 11841820 11842000 11846602 11846843 11847806 11850418 11851585 ']
['uc002dbw.4', 'chr16', '+', 11976744, 11976744, 11976744, 12053284, 8, '11976744 11999296 12002990 12027319 12042896 12046383 12048371 12051846 ', '11976813 11999358 12003043 12027444 12043077 12046454 12048620 12053284 ']
['uc001pxu.4', 'chr11', '+', 121292452, 121303375, 121307512, 121308694, 5, '121292452 121303365 121304360 121306385 121307056 ', '121292816 121303585 121304493 121306486 121308694 ']
['uc001ddv.4', 'chr1', '-', 67411037, 67413206, 67430300, 67430386, 8, '67411037 67415165 67420008 67424199 67424887 67425082 67426134 67429987 ', '67413263 67415339 67420186 67424322 67424977 67425223 67426285 67430386 ']
['uc003kai.4', 'chr5', '+', 70900686, 70900869, 70917157, 70918530, 3, '70900686 70901824 70916940 ', '70900876 70901933 70918530 ']
['uc003jud.4', 'chr5', '-', 65665927, 65670245, 65720807, 65722130, 11, '65665927 65671914 65672243 65680493 65680655 65685367 65704278 65708488 65712960 65720707 65721916 ', '65670357 65671998 65672281 65680556 65680794 65685472 65704378 65708558 65713064 65720829 65722130 ']
['uc001ffb.4', 'chr1', '-', 154479480, 154484148, 154502026, 154502113, 6, '154479480 154485942 154486526 154489050 154499111 154501435 ', '154484335 154486062 154486683 154489356 154499238 154502113 ']
['uc001zhu.4', 'chr15', '-', 34233261, 34233880, 34258938, 34299658, 24, '34233261 34235180 34236014 34236707 34237418 34238231 34238964 34240660 34241232 34242101 34243973 34245284 34245692 34250297 34250630 34250898 34252169 34254347 34255261 34256228 34258812 34260925 34275344 34299568 ', '34233972 34235314 34236199 34236815 34237550 34238401 34239160 34240829 34241337 34242221 34244072 34245403 34245867 34250355 34250729 34251057 34252384 34254589 34255392 34256283 34258944 34261020 34275389 34299658 ']
['uc003phn.5', 'chr6', '-', 73593378, 73595076, 73653886, 73654155, 11, '73593378 73600350 73610399 73615314 73621803 73635381 73636620 73638411 73641690 73644406 73653792 ', '73595214 73600441 73610547 73615447 73621962 73635500 73636707 73638499 73641924 73644603 73654155 ']
['uc002vpi.4', 'chr2', '-', 227685854, 227687396, 227702318, 227718012, 6, '227685854 227688165 227695888 227698735 227702168 227717942 ', '227687573 227688307 227696081 227699564 227702320 227718012 ']
['uc003lrh.4', 'chr5', '+', 149960736, 149977652, 149981813, 149987405, 3, '149960736 149977627 149980292 ', '149960979 149978351 149987405 ']
['uc001zvj.5', 'chr15', '-', 45479610, 45485162, 45522354, 45522807, 8, '45479610 45486610 45487526 45488840 45490727 45511137 45521963 45522606 ', '45485317 45486745 45487632 45489042 45490881 45511284 45522468 45522807 ']
['uc002hjk.2', 'chr17', '-', 35439497, 35440594, 35445680, 35446010, 4, '35439497 35441562 35443788 35444614 ', '35441366 35442286 35443920 35446010 ']
['uc003zsf.2', 'chr9', '-', 33041763, 33047292, 33076608, 33076659, 12, '33041763 33048105 33053122 33056112 33056836 33057597 33060464 33062048 33068823 33071739 33073595 33076582 ', '33047391 33048258 33053290 33056239 33056964 33057714 33060584 33062177 33068934 33071892 33073806 33076659 ']
['uc001xft.3', 'chr14', '+', 61762356, 61762460, 61794983, 61796428, 10, '61762356 61766875 61767211 61768635 61776094 61778071 61778847 61782246 61792806 61794948 ', '61762588 61767035 61767352 61768740 61776253 61778140 61778910 61782397 61792902 61796428 ']
['uc002ewu.4', 'chr16', '+', 69187128, 69187166, 69300924, 69309052, 7, '69187128 69245601 69260049 69270142 69284047 69299589 69300831 ', '69187746 69245815 69260260 69270285 69284244 69299774 69309052 ']
['uc002amv.4', 'chr15', '+', 64095999, 64096013, 64137618, 64138006, 15, '64095999 64112572 64118116 64118787 64123502 64126078 64127173 64127730 64129915 64130227 64131686 64134663 64136329 64136860 64137567 ', '64096172 64112684 64118244 64118854 64123546 64126220 64127252 64127806 64130029 64130321 64131892 64134807 64136410 64136932 64138006 ']
['uc002anc.1', 'chr15', '+', 64151716, 64151775, 64154508, 64157481, 7, '64151716 64152242 64152637 64153244 64153651 64153934 64154386 ', '64151850 64152326 64152742 64153339 64153684 64154002 64157481 ']
['uc002mql.3', 'chr19', '-', 11145493, 11147182, 11155776, 11155808, 5, '11145493 11147817 11148012 11149093 11155616 ', '11147289 11147894 11148117 11149238 11155808 ']
['uc002dtm.5', 'chr16', '+', 29662978, 29663728, 29664931, 29665527, 2, '29662978 29663694 ', '29663080 29665527 ']
['uc003kst.2', 'chr5', '+', 121961960, 121962032, 122027126, 122028619, 8, '121961960 121974195 121975314 121994598 122019259 122020087 122022369 122026941 ', '121962068 121974284 121975387 121994670 122019341 122020802 122022407 122028619 ']
['uc003mbo.2', 'chr5', '-', 172042072, 172044881, 172188042, 172188386, 19, '172042072 172052928 172054568 172055587 172057348 172061138 172064719 172082325 172082960 172090231 172093411 172096425 172105655 172106619 172107779 172117480 172127372 172156623 172187886 ', '172045022 172053042 172054694 172055776 172057473 172061268 172064812 172082505 172083084 172090362 172093960 172096560 172105737 172106814 172107852 172117630 172127421 172156788 172188386 ']
['uc002xnb.4', 'chr20', '+', 44966473, 44966568, 45075176, 45079959, 11, '44966473 44972077 44978442 44981828 44987131 44995089 44997168 45000391 45001166 45024972 45075017 ', '44966603 44972158 44978571 44981943 44987296 44995257 44997306 45000520 45001353 45025130 45079959 ']
['uc002rwo.5', 'chr2', '+', 48530185, 48580633, 48595302, 48598513, 5, '48530185 48530712 48580586 48591652 48595227 ', '48530216 48530829 48582563 48591855 48598513 ']
['uc002xnw.3', 'chr20', '+', 45363138, 45363531, 45374294, 45376798, 4, '45363138 45363528 45365618 45374293 ', '45363315 45363693 45365686 45376798 ']
['uc001fmg.4', 'chr1', '+', 155859508, 155859761, 155881508, 155885199, 4, '155859508 155867964 155880499 155881197 ', '155859795 155868791 155880623 155885199 ']
['uc001jea.4', 'chr10', '+', 46579101, 46579168, 46587647, 46587683, 8, '46579101 46580163 46580893 46581895 46583731 46584494 46585597 46587504 ', '46579175 46580368 46581036 46582191 46583902 46584615 46585777 46587683 ']
['uc001hjp.3', 'chr1', '+', 212791883, 212791921, 212815156, 212816617, 10, '212791883 212795094 212796516 212797111 212802700 212804319 212804595 212807735 212812250 212815012 ', '212791987 212795127 212796590 212797196 212802763 212804429 212804651 212807848 212812328 212816617 ']
['uc002lyg.3', 'chr19', '-', 3594505, 3595687, 3600634, 3606840, 3, '3594505 3599848 3606529 ', '3595933 3600717 3606840 ']
['uc003lri.4', 'chr5', '-', 149994727, 149994782, 149996348, 150000654, 2, '149994727 149999927 ', '149996429 150000654 ']
['uc002idn.2', 'chr17', '+', 43211874, 43213041, 43217801, 43220041, 9, '43211874 43212226 43213020 43213827 43215787 43216448 43216696 43217258 43217680 ', '43211922 43212394 43213252 43213891 43215941 43216589 43216740 43217312 43220041 ']
['uc001tng.4', 'chr12', '-', 108589845, 108591531, 108592383, 108598124, 2, '108589845 108597969 ', '108592397 108598124 ']
['uc002feb.4', 'chr16', '-', 75445713, 75447557, 75464250, 75464416, 3, '75445713 75451668 75464231 ', '75447688 75451839 75464416 ']
['uc001sws.4', 'chr12', '+', 71686086, 71686680, 71700995, 71705046, 6, '71686086 71689590 71696435 71697279 71698899 71700831 ', '71686810 71689704 71696573 71697534 71699109 71705046 ']
['uc003ncm.4', 'chr6', '-', 18128310, 18130667, 18149127, 18155074, 9, '18128310 18132132 18133803 18138962 18139664 18143595 18147822 18148987 18155032 ', '18130780 18132177 18133889 18139037 18139717 18143728 18147915 18149171 18155074 ']
['uc001vdp.2', 'chr13', '+', 49997036, 50001105, 50013164, 50013180, 4, '49997036 49997666 50000994 50011934 ', '49997216 49997763 50001108 50013180 ']
['uc002jpx.4', 'chr17', '-', 75888959, 75890778, 75896937, 75897003, 6, '75888959 75891812 75892010 75892266 75892754 75896523 ', '75891347 75891878 75892185 75892500 75892850 75897003 ']
['uc002thu.4', 'chr2', '+', 112482153, 112482344, 112528795, 112541739, 7, '112482153 112485916 112494142 112501205 112502911 112520281 112528680 ', '112482501 112485995 112494375 112501341 112503181 112520425 112541739 ']
['uc002whw.5', 'chr20', '-', 3107572, 3110105, 3123365, 3160196, 5, '3107572 3115304 3121383 3123311 3159765 ', '3110314 3115466 3122584 3123406 3160196 ']
['uc003dqn.4', 'chr3', '-', 86937968, 86947023, 86990743, 86991107, 4, '86937968 86968589 86978525 86990617 ', '86947067 86969123 86978802 86991107 ']
['uc003bvc.4', 'chr3', '+', 10141007, 10141847, 10149965, 10152220, 3, '10141007 10146513 10149786 ', '10142187 10146636 10152220 ']
['uc004eno.4', 'chrX', '+', 108045013, 108045130, 108077381, 108079097, 7, '108045013 108058037 108066935 108072676 108073249 108076076 108077047 ', '108045179 108058201 108067134 108072832 108073369 108076218 108079097 ']
['uc003efa.2', 'chr3', '-', 122412331, 122414535, 122415528, 122416051, 1, '122412331 ', '122416051 ']
['uc003wld.4', 'chr7', '-', 152646503, 152648641, 152676079, 152676165, 3, '152646503 152660700 152676040 ', '152649363 152660782 152676165 ']
['uc003ptl.2', 'chr6', '-', 109462593, 109465850, 109482026, 109483237, 7, '109462593 109467652 109475398 109476174 109476762 109481074 109483097 ', '109466574 109467734 109475482 109476258 109476930 109482054 109483237 ']
['uc001bvn.4', 'chr1', '+', 32539426, 32592931, 32600419, 32605939, 5, '32539426 32553458 32592930 32595053 32600086 ', '32539572 32553540 32593754 32595223 32605939 ']
['uc002ogx.2', 'chr19', '-', 37631008, 37634980, 37647822, 37655412, 6, '37631008 37643264 37644609 37647813 37654711 37655099 ', '37636305 37643363 37644736 37647899 37654879 37655412 ']
['uc003izh.2', 'chr4', '+', 187995770, 188002807, 188003740, 188005050, 4, '187995770 187999107 187999608 188002712 ', '187995840 187999273 187999685 188005050 ']
['uc003bzm.1', 'chr3', '-', 15070072, 15073781, 15096120, 15099148, 14, '15070072 15075605 15077061 15078074 15080731 15082366 15084734 15084999 15085860 15090398 15095972 15096534 15098118 15099034 ', '15074930 15075710 15077164 15078161 15080802 15082608 15084896 15085045 15085961 15090539 15096288 15096710 15098274 15099148 ']
['uc002qnz.1', 'chr19', '-', 57134095, 57134917, 57142643, 57145202, 5, '57134095 57136872 57138471 57142628 57144858 ', '57136095 57136971 57138598 57142685 57145202 ']
['uc002qob.3', 'chr19', '+', 57191499, 57191913, 57212981, 57222846, 4, '57191499 57193874 57205396 57211353 ', '57191946 57194001 57205492 57222846 ']
['uc002qrn.4', 'chr19', '-', 58126327, 58127877, 58129503, 58150778, 4, '58126327 58142556 58143104 58150751 ', '58129511 58142661 58143198 58150778 ']
['uc002qqr.4', 'chr19', '-', 57908479, 57908549, 57916411, 57916591, 3, '57908479 57912059 57916378 ', '57910114 57912186 57916591 ']
['uc002qqs.1', 'chr19', '-', 57921883, 57926149, 57933822, 57935372, 6, '57921883 57923191 57925622 57930427 57933816 57935160 ', '57922629 57923289 57928047 57930554 57933902 57935372 ']
['uc002nqm.5', 'chr19', '-', 21807352, 21807606, 21819206, 21851968, 6, '21807352 21817887 21819094 21843144 21845429 21851904 ', '21809807 21817986 21819221 21843326 21845506 21851968 ']
['uc002npp.3', 'chr19', '+', 21142039, 21142183, 21184034, 21196053, 5, '21142039 21143550 21166334 21167570 21182622 ', '21142186 21143643 21166461 21167666 21196053 ']
['uc003cnf.4', 'chr3', '-', 44431719, 44446574, 44455549, 44477670, 8, '44431719 44449512 44450446 44450867 44451313 44455120 44458243 44477590 ', '44448739 44449623 44450573 44450962 44451482 44455696 44458364 44477670 ']
['uc002qaf.4', 'chr19', '-', 52838007, 52840724, 52854272, 52857619, 4, '52838007 52849086 52854257 52857571 ', '52842151 52849213 52854345 52857619 ']
['uc002mso.2', 'chr19', '+', 11798529, 11805953, 11807267, 11808093, 3, '11798529 11804541 11805946 ', '11798727 11804667 11808093 ']
['uc002nqw.3', 'chr19', '+', 22634323, 22653399, 22665265, 22667670, 4, '22634323 22653306 22653919 22663799 ', '22634474 22653433 22654015 22667670 ']
['uc002qqg.3', 'chr19', '-', 57807081, 57808039, 57814743, 57814913, 3, '57807081 57813293 57814710 ', '57809103 57813420 57814913 ']
['uc002mly.4', 'chr19', '-', 9652278, 9652948, 9660744, 9675044, 6, '9652278 9656546 9658008 9659378 9660719 9675014 ', '9653881 9656653 9658135 9659467 9660874 9675044 ']
['uc002pzp.5', 'chr19', '+', 52453575, 52501845, 52512154, 52512154, 6, '52453575 52456867 52491323 52501826 52504654 52510571 ', '52453607 52456958 52491425 52501908 52504781 52512154 ']
['uc002qql.4', 'chr19', '+', 57849856, 57850038, 57860140, 57865112, 3, '57849856 57856103 57858575 ', '57850071 57856233 57865112 ']
['uc003ckm.4', 'chr3', '+', 40524877, 40525840, 40533090, 40533526, 5, '40524877 40525778 40529318 40530208 40532029 ', '40525038 40525864 40529445 40530316 40533526 ']
['uc003yzd.3', 'chr8', '+', 143649659, 143649872, 143651483, 143656418, 1, '143649659 ', '143656418 ']
['uc002iov.5', 'chr17', '-', 49295998, 49298412, 49317725, 49362116, 6, '49295998 49311311 49311926 49312697 49316825 49361908 ', '49298924 49311456 49312042 49312845 49317983 49362116 ']
['uc004dgr.4', 'chrX', '-', 46497726, 46499842, 46542087, 46545441, 6, '46497726 46528334 46528782 46542072 46544500 46545370 ', '46501335 46528445 46528909 46542116 46544611 46545441 ']
['uc002mst.5', 'chr19', '+', 11887854, 11887923, 11913410, 11914329, 5, '11887854 11903614 11903904 11904648 11913408 ', '11887986 11903699 11903965 11904887 11914329 ']
['uc003zeh.4', 'chr8', '+', 144827558, 144829087, 144846178, 144847509, 5, '144827558 144829042 144829477 144837390 144845978 ', '144827609 144829090 144829604 144837507 144847509 ']
['uc002npq.2', 'chr19', '-', 21291159, 21293273, 21329212, 21329410, 4, '21291159 21309245 21310500 21329209 ', '21294739 21309341 21310627 21329410 ']
['uc002dyw.3', 'chr16', '-', 30580655, 30582559, 30585611, 30585771, 3, '30580655 30585121 30585406 ', '30583443 30585250 30585771 ']
['uc003wfh.3', 'chr7', '-', 149069962, 149070422, 149090640, 149090705, 4, '149069962 149074385 149080590 149090622 ', '149072473 149074538 149080717 149090705 ']
['uc001cuj.4', 'chr1', '+', 52726508, 52726653, 52821629, 52827342, 14, '52726508 52756457 52771019 52779852 52784876 52790002 52796291 52796733 52801818 52802091 52813535 52813859 52816531 52821438 ', '52726683 52756623 52771774 52779993 52785053 52790067 52796391 52796784 52801980 52802139 52813733 52813912 52816629 52827342 ']
